# # shelf2_desk
# initial_configuration: [0.1036, 1.6491, 1.5708, 0, 1.3094, -1.0, 1.3253, 0.1403, -0.1484]
# target_configuration: [-0.1036, -1.6491, -1.5708, 0, 1.3094, -1.0, 1.3253, 0.1403, -0.1484]
# # wall_s
# initial_configuration: [0, 2.3, -1.5708, 0, 1.3094, -1.1732, 1.3253, 0.1403, -0.1484]
# target_configuration: [0, -1.7, -1.5708, 0, 1.3094, -1.1732, 1.3253, 0.1403, -0.1484]
# # flower
# initial_configuration: [0, 2.3, -1.5708, 0, 1.3094, -1.1732, 1.3253, 0.1403, -0.1484]
# target_configuration: [0, -1.7, -1.5708, 0, 1.3094, -1.1732, 1.3253, 0.1403, -0.1484]

# # tie
# initial_configuration: [6.5, 0, 3.1415926, 0, 1.3094, -1.1732, 1.3253, 0.1403, -0.1484]
# target_configuration: [-5.0, 0, 3.1415926, 0, 1.3094, -1.1732, 1.3253, 0.1403, -0.1484]
# # corridor
# initial_configuration: [4.0, 0, 3.1415926, 0, 1.3094, -1.1732, 1.3253, 0.1403, -0.1484]
# target_configuration: [-4.0, 0, 3.1415926, 0, 1.3094, -1.1732, 1.3253, 0.1403, -0.1484]

# # studio
# initial_configuration: [-3.0, 3.0, -1.5708, 0, 1.3094, -1.1732, 1.3253, 0.1403, -0.1484]
# target_configuration: [3.0, -3.5, 0, -1.5708, 1.3094, -1.1732, 1.3253, 0.1403, -0.1484]
# # warehouse
# initial_configuration: [2.0, 9, -1.5708, 0, 1.3094, -1.1732, 1.3253, 0.1403, -0.1484]
# target_configuration: [0.0, -11, -1.5708, 0, 1.3094, -1.1732, 1.3253, 0.1403, -0.1484]
# # forest
# initial_configuration: [6.0, 6.0, -1.5708, 0, 1.3094, -1.1732, 1.3253, 0.1403, -0.1484]
# target_configuration: [-5.0, -5.0, -1.5708, 0, 1.3094, -1.1732, 1.3253, 0.1403, -0.1484]
# # block
# initial_configuration: [5.0, 5.0, -1.5708, 0, 1.3094, -1.1732, 1.3253, 0.1403, -0.1484]
# target_configuration: [-5.0, -5.0, -1.5708, 0, 1.3094, -1.1732, 1.3253, 0.1403, -0.1484]
# # trees
# initial_configuration: [5.0, 5.0, -1.5708, 0, 1.3094, -1.1732, 1.3253, 0.1403, -0.1484]
# target_configuration: [-5.0, -5.0, -1.5708, 0, 1.3094, -1.1732, 1.3253, 0.1403, -0.1484]
# # storage
# initial_configuration: [0, 6, -1.5708, 0, 1.3094, -1.1732, 1.3253, 0.1403, -0.1484]
# target_configuration: [0, -6, -1.5708, 0, 1.3094, -1.1732, 1.3253, 0.1403, -0.1484]
# dynamic
initial_configuration: [0.0, 0.0, -1.5708, 0, 1.3094, -1.1732, 1.3253, 0.1403, -0.1484]


# shelf2_desk
# initial_configuration: [0.1036, 1.6491, 1.5708, 0, 1.3094, -1.0, 1.3253, 0.1403, -0.1484]
# wall_s
# initial_configuration: [0, 2.3, -1.5708, 0, 1.3094, -1.1732, 1.3253, 0.1403, -0.1484]
# flower
# initial_configuration: [0, 2.3, -1.5708, 0, 1.3094, -1.1732, 1.3253, 0.1403, -0.1484]
# tie
initial_configuration: [6.5, 0, 3.1415926, 0, 1.3094, -1.1732, 1.3253, 0.1403, -0.1484]
# studio
# initial_configuration: [-3.0, 3.0, -1.5708, 0, 1.3094, -1.1732, 1.3253, 0.1403, -0.1484]
# warehouse
# initial_configuration: [2, 9, -1.5708, 0, 1.3094, -1.1732, 1.3253, 0.1403, -0.1484]
# forest
# initial_configuration: [6.0, 6.0, -1.5708, 0, 1.3094, -1.1732, 1.3253, 0.1403, -0.1484]
# block
# initial_configuration: [5.0, 5.0, -1.5708, 0, 1.3094, -1.1732, 1.3253, 0.1403, -0.1484]
# trees
# initial_configuration: [5, 5, -1.5708, 0, 1.3094, -1.1732, 1.3253, 0.1403, -0.1484]
# storage
# initial_configuration: [0, 6, -1.5708, 0, 1.3094, -1.1732, 1.3253, 0.1403, -0.1484]
# classroom
# initial_configuration: [-2.4, 2, -1.5708, 0, 1.3094, -1.1732, 1.3253, 0.1403, -0.1484]
# gym
# initial_configuration: [-0.2, 5.2, -1.5708, 0, 1.3094, -1.1732, 1.3253, 0.1403, -0.1484]
# corridor_mc
# initial_configuration: [2.0, 3.0, -1.5708, 0, 1.3094, -1.1732, 1.3253, 0.1403, -0.1484]
# villiage_mc
# initial_configuration: [0.0, 4.5, -1.5708, 0, 1.3094, -1.1732, 1.3253, 0.1403, -0.1484]
# dynamic
# initial_configuration: [0.0, 0.0, -1.5708, 0, 1.3094, -1.1732, 1.3253, 0.1403, -0.1484]
# Forest
# initial_configuration: [12.5, 4, 2.14159, 0, 1.3094, -1.1732, 1.3253, 0.1403, -0.1484]

